2.266674e+00
1.132373e+00
7.150791e-01
5.210274e-01
4.268666e-01
3.834604e-01
3.669219e-01
3.773488e-01
4.253155e-01
5.223279e-01
7.141335e-01
1.132509e+00
2.266411e+00
2.269082e+00
1.134039e+00
7.133472e-01
5.247999e-01
4.309447e-01
3.811236e-01
3.633147e-01
3.785855e-01
4.257398e-01
5.225769e-01
7.153508e-01
1.132837e+00
2.273218e+00
2.269684e+00
1.129723e+00
7.172827e-01
5.290233e-01
4.278004e-01
3.769984e-01
3.642669e-01
3.784884e-01
4.254197e-01
5.228157e-01
7.146385e-01
1.134494e+00
2.266683e+00
2.264750e+00
1.138975e+00
7.239270e-01
5.233364e-01
4.225573e-01
3.775742e-01
3.638365e-01
3.777646e-01
4.252456e-01
5.221486e-01
7.158922e-01
1.132600e+00
2.269427e+00
2.280477e+00
1.147212e+00
7.172075e-01
5.192103e-01
4.247199e-01
3.783946e-01
3.644711e-01
3.790664e-01
4.258932e-01
5.238253e-01
7.150221e-01
1.133975e+00
2.269703e+00
2.290859e+00
1.130625e+00
7.063555e-01
5.188705e-01
4.232929e-01
3.769782e-01
3.635000e-01
3.775510e-01
4.251348e-01
5.210929e-01
7.132430e-01
1.129690e+00
2.263626e+00
2.278124e+00
1.124428e+00
7.130837e-01
5.222695e-01
4.258376e-01
3.795418e-01
3.654522e-01
3.803828e-01
4.268162e-01
5.244988e-01
7.171746e-01
1.137136e+00
2.280333e+00
2.284255e+00
1.144495e+00
7.229030e-01
5.287712e-01
4.313089e-01
3.837015e-01
3.700667e-01
3.836168e-01
4.314365e-01
5.292783e-01
7.239134e-01
1.147521e+00
2.291218e+00
2.287979e+00
1.141629e+00
7.200486e-01
5.268295e-01
4.288199e-01
3.820529e-01
3.669125e-01
3.811941e-01
4.278624e-01
5.248472e-01
7.172572e-01
1.130668e+00
2.278136e+00
2.264311e+00
1.130048e+00
7.135521e-01
5.212989e-01
4.251422e-01
3.773645e-01
3.633993e-01
3.769804e-01
4.233385e-01
5.192522e-01
7.063908e-01
1.124445e+00
2.284360e+00
2.267952e+00
1.133365e+00
7.148322e-01
5.233591e-01
4.253850e-01
3.786671e-01
3.642223e-01
3.781375e-01
4.247583e-01
5.189180e-01
7.131272e-01
1.144542e+00
2.287916e+00
2.270083e+00
1.132936e+00
7.159625e-01
5.223559e-01
4.257732e-01
3.785441e-01
3.643395e-01
3.783519e-01
4.232702e-01
5.221198e-01
7.231400e-01
1.141667e+00
2.264355e+00
2.266976e+00
1.133747e+00
7.140626e-01
5.225263e-01
4.253686e-01
3.784688e-01
3.643882e-01
3.768701e-01
4.256327e-01
5.290574e-01
7.200997e-01
1.130099e+00
2.268014e+00
2.272461e+00
1.132571e+00
7.154284e-01
5.228623e-01
4.260154e-01
3.791960e-01
3.637151e-01
3.801093e-01
4.300990e-01
5.268689e-01
7.134974e-01
1.133328e+00
2.270026e+00
2.266384e+00
1.132792e+00
7.145730e-01
5.225816e-01
4.258390e-01
3.774424e-01
3.652694e-01
3.839177e-01
4.289430e-01
5.213763e-01
7.148886e-01
1.133029e+00
2.267001e+00
2.273256e+00
1.134556e+00
7.161794e-01
5.239057e-01
4.252928e-01
3.806163e-01
3.697072e-01
3.819667e-01
4.250689e-01
5.232944e-01
7.159236e-01
1.133790e+00
2.272408e+00
