-9.687500e-01
-9.687500e-01
-9.687500e-01
-9.687500e-01
-9.687500e-01
-9.687500e-01
-9.687500e-01
-9.687500e-01
-9.062500e-01
-9.062500e-01
-9.062500e-01
-9.062500e-01
-9.062500e-01
-9.062500e-01
-9.062500e-01
-9.062500e-01
-9.062500e-01
-9.062500e-01
-9.062500e-01
-9.062500e-01
-9.062500e-01
-9.062500e-01
-8.437500e-01
-8.437500e-01
-8.437500e-01
-8.437500e-01
-8.437500e-01
-8.437500e-01
-8.437500e-01
-8.437500e-01
-8.437500e-01
-8.437500e-01
-8.437500e-01
-8.437500e-01
-8.437500e-01
-8.437500e-01
-8.437500e-01
-8.437500e-01
-8.437500e-01
-8.437500e-01
-7.812500e-01
-7.812500e-01
-7.812500e-01
-7.812500e-01
-7.812500e-01
-7.812500e-01
-7.812500e-01
-7.812500e-01
-7.812500e-01
-7.812500e-01
-7.812500e-01
-7.812500e-01
-7.812500e-01
-7.812500e-01
-7.812500e-01
-7.812500e-01
-7.812500e-01
-7.812500e-01
-7.812500e-01
-7.812500e-01
-7.187500e-01
-7.187500e-01
-7.187500e-01
-7.187500e-01
-7.187500e-01
-7.187500e-01
-7.187500e-01
-7.187500e-01
-7.187500e-01
-7.187500e-01
-7.187500e-01
-7.187500e-01
-7.187500e-01
-7.187500e-01
-7.187500e-01
-7.187500e-01
-7.187500e-01
-7.187500e-01
-7.187500e-01
-7.187500e-01
-7.187500e-01
-7.187500e-01
-6.562500e-01
-6.562500e-01
-6.562500e-01
-6.562500e-01
-6.562500e-01
-6.562500e-01
-6.562500e-01
-6.562500e-01
-6.562500e-01
-6.562500e-01
-6.562500e-01
-6.562500e-01
-6.562500e-01
-6.562500e-01
-6.562500e-01
-6.562500e-01
-6.562500e-01
-6.562500e-01
-6.562500e-01
-6.562500e-01
-6.562500e-01
-6.562500e-01
-6.562500e-01
-6.562500e-01
-5.937500e-01
-5.937500e-01
-5.937500e-01
-5.937500e-01
-5.937500e-01
-5.937500e-01
-5.937500e-01
-5.937500e-01
-5.937500e-01
-5.937500e-01
-5.937500e-01
-5.937500e-01
-5.937500e-01
-5.937500e-01
-5.937500e-01
-5.937500e-01
-5.937500e-01
-5.937500e-01
-5.937500e-01
-5.937500e-01
-5.937500e-01
-5.937500e-01
-5.937500e-01
-5.937500e-01
-5.937500e-01
-5.937500e-01
-5.312500e-01
-5.312500e-01
-5.312500e-01
-5.312500e-01
-5.312500e-01
-5.312500e-01
-5.312500e-01
-5.312500e-01
-5.312500e-01
-5.312500e-01
-5.312500e-01
-5.312500e-01
-5.312500e-01
-5.312500e-01
-5.312500e-01
-5.312500e-01
-5.312500e-01
-5.312500e-01
-5.312500e-01
-5.312500e-01
-5.312500e-01
-5.312500e-01
-5.312500e-01
-5.312500e-01
-5.312500e-01
-5.312500e-01
-5.312500e-01
-5.312500e-01
-4.687500e-01
-4.687500e-01
-4.687500e-01
-4.687500e-01
-4.687500e-01
-4.687500e-01
-4.687500e-01
-4.687500e-01
-4.687500e-01
-4.687500e-01
-4.687500e-01
-4.687500e-01
-4.687500e-01
-4.687500e-01
-4.687500e-01
-4.687500e-01
-4.687500e-01
-4.687500e-01
-4.687500e-01
-4.687500e-01
-4.687500e-01
-4.687500e-01
-4.687500e-01
-4.687500e-01
-4.687500e-01
-4.687500e-01
-4.687500e-01
-4.687500e-01
-4.062500e-01
-4.062500e-01
-4.062500e-01
-4.062500e-01
-4.062500e-01
-4.062500e-01
-4.062500e-01
-4.062500e-01
-4.062500e-01
-4.062500e-01
-4.062500e-01
-4.062500e-01
-4.062500e-01
-4.062500e-01
-4.062500e-01
-4.062500e-01
-4.062500e-01
-4.062500e-01
-4.062500e-01
-4.062500e-01
-4.062500e-01
-4.062500e-01
-4.062500e-01
-4.062500e-01
-4.062500e-01
-4.062500e-01
-4.062500e-01
-4.062500e-01
-4.062500e-01
-4.062500e-01
-3.437500e-01
-3.437500e-01
-3.437500e-01
-3.437500e-01
-3.437500e-01
-3.437500e-01
-3.437500e-01
-3.437500e-01
-3.437500e-01
-3.437500e-01
-3.437500e-01
-3.437500e-01
-3.437500e-01
-3.437500e-01
-3.437500e-01
-3.437500e-01
-3.437500e-01
-3.437500e-01
-3.437500e-01
-3.437500e-01
-3.437500e-01
-3.437500e-01
-3.437500e-01
-3.437500e-01
-3.437500e-01
-3.437500e-01
-3.437500e-01
-3.437500e-01
-3.437500e-01
-3.437500e-01
-2.812500e-01
-2.812500e-01
-2.812500e-01
-2.812500e-01
-2.812500e-01
-2.812500e-01
-2.812500e-01
-2.812500e-01
-2.812500e-01
-2.812500e-01
-2.812500e-01
-2.812500e-01
-2.812500e-01
-2.812500e-01
-2.812500e-01
-2.812500e-01
-2.812500e-01
-2.812500e-01
-2.812500e-01
-2.812500e-01
-2.812500e-01
-2.812500e-01
-2.812500e-01
-2.812500e-01
-2.812500e-01
-2.812500e-01
-2.812500e-01
-2.812500e-01
-2.812500e-01
-2.812500e-01
-2.187500e-01
-2.187500e-01
-2.187500e-01
-2.187500e-01
-2.187500e-01
-2.187500e-01
-2.187500e-01
-2.187500e-01
-2.187500e-01
-2.187500e-01
-2.187500e-01
-2.187500e-01
-2.187500e-01
-2.187500e-01
-2.187500e-01
-2.187500e-01
-2.187500e-01
-2.187500e-01
-2.187500e-01
-2.187500e-01
-2.187500e-01
-2.187500e-01
-2.187500e-01
-2.187500e-01
-2.187500e-01
-2.187500e-01
-2.187500e-01
-2.187500e-01
-2.187500e-01
-2.187500e-01
-2.187500e-01
-2.187500e-01
-1.562500e-01
-1.562500e-01
-1.562500e-01
-1.562500e-01
-1.562500e-01
-1.562500e-01
-1.562500e-01
-1.562500e-01
-1.562500e-01
-1.562500e-01
-1.562500e-01
-1.562500e-01
-1.562500e-01
-1.562500e-01
-1.562500e-01
-1.562500e-01
-1.562500e-01
-1.562500e-01
-1.562500e-01
-1.562500e-01
-1.562500e-01
-1.562500e-01
-1.562500e-01
-1.562500e-01
-1.562500e-01
-1.562500e-01
-1.562500e-01
-1.562500e-01
-1.562500e-01
-1.562500e-01
-1.562500e-01
-1.562500e-01
-9.375000e-02
-9.375000e-02
-9.375000e-02
-9.375000e-02
-9.375000e-02
-9.375000e-02
-9.375000e-02
-9.375000e-02
-9.375000e-02
-9.375000e-02
-9.375000e-02
-9.375000e-02
-9.375000e-02
-9.375000e-02
-9.375000e-02
-9.375000e-02
-9.375000e-02
-9.375000e-02
-9.375000e-02
-9.375000e-02
-9.375000e-02
-9.375000e-02
-9.375000e-02
-9.375000e-02
-9.375000e-02
-9.375000e-02
-9.375000e-02
-9.375000e-02
-9.375000e-02
-9.375000e-02
-9.375000e-02
-9.375000e-02
-3.125000e-02
-3.125000e-02
-3.125000e-02
-3.125000e-02
-3.125000e-02
-3.125000e-02
-3.125000e-02
-3.125000e-02
-3.125000e-02
-3.125000e-02
-3.125000e-02
-3.125000e-02
-3.125000e-02
-3.125000e-02
-3.125000e-02
-3.125000e-02
-3.125000e-02
-3.125000e-02
-3.125000e-02
-3.125000e-02
-3.125000e-02
-3.125000e-02
-3.125000e-02
-3.125000e-02
-3.125000e-02
-3.125000e-02
-3.125000e-02
-3.125000e-02
-3.125000e-02
-3.125000e-02
-3.125000e-02
-3.125000e-02
3.125000e-02
3.125000e-02
3.125000e-02
3.125000e-02
3.125000e-02
3.125000e-02
3.125000e-02
3.125000e-02
3.125000e-02
3.125000e-02
3.125000e-02
3.125000e-02
3.125000e-02
3.125000e-02
3.125000e-02
3.125000e-02
3.125000e-02
3.125000e-02
3.125000e-02
3.125000e-02
3.125000e-02
3.125000e-02
3.125000e-02
3.125000e-02
3.125000e-02
3.125000e-02
3.125000e-02
3.125000e-02
3.125000e-02
3.125000e-02
3.125000e-02
3.125000e-02
9.375000e-02
9.375000e-02
9.375000e-02
9.375000e-02
9.375000e-02
9.375000e-02
9.375000e-02
9.375000e-02
9.375000e-02
9.375000e-02
9.375000e-02
9.375000e-02
9.375000e-02
9.375000e-02
9.375000e-02
9.375000e-02
9.375000e-02
9.375000e-02
9.375000e-02
9.375000e-02
9.375000e-02
9.375000e-02
9.375000e-02
9.375000e-02
9.375000e-02
9.375000e-02
9.375000e-02
9.375000e-02
9.375000e-02
9.375000e-02
9.375000e-02
9.375000e-02
1.562500e-01
1.562500e-01
1.562500e-01
1.562500e-01
1.562500e-01
1.562500e-01
1.562500e-01
1.562500e-01
1.562500e-01
1.562500e-01
1.562500e-01
1.562500e-01
1.562500e-01
1.562500e-01
1.562500e-01
1.562500e-01
1.562500e-01
1.562500e-01
1.562500e-01
1.562500e-01
1.562500e-01
1.562500e-01
1.562500e-01
1.562500e-01
1.562500e-01
1.562500e-01
1.562500e-01
1.562500e-01
1.562500e-01
1.562500e-01
1.562500e-01
1.562500e-01
2.187500e-01
2.187500e-01
2.187500e-01
2.187500e-01
2.187500e-01
2.187500e-01
2.187500e-01
2.187500e-01
2.187500e-01
2.187500e-01
2.187500e-01
2.187500e-01
2.187500e-01
2.187500e-01
2.187500e-01
2.187500e-01
2.187500e-01
2.187500e-01
2.187500e-01
2.187500e-01
2.187500e-01
2.187500e-01
2.187500e-01
2.187500e-01
2.187500e-01
2.187500e-01
2.187500e-01
2.187500e-01
2.187500e-01
2.187500e-01
2.187500e-01
2.187500e-01
2.812500e-01
2.812500e-01
2.812500e-01
2.812500e-01
2.812500e-01
2.812500e-01
2.812500e-01
2.812500e-01
2.812500e-01
2.812500e-01
2.812500e-01
2.812500e-01
2.812500e-01
2.812500e-01
2.812500e-01
2.812500e-01
2.812500e-01
2.812500e-01
2.812500e-01
2.812500e-01
2.812500e-01
2.812500e-01
2.812500e-01
2.812500e-01
2.812500e-01
2.812500e-01
2.812500e-01
2.812500e-01
2.812500e-01
2.812500e-01
3.437500e-01
3.437500e-01
3.437500e-01
3.437500e-01
3.437500e-01
3.437500e-01
3.437500e-01
3.437500e-01
3.437500e-01
3.437500e-01
3.437500e-01
3.437500e-01
3.437500e-01
3.437500e-01
3.437500e-01
3.437500e-01
3.437500e-01
3.437500e-01
3.437500e-01
3.437500e-01
3.437500e-01
3.437500e-01
3.437500e-01
3.437500e-01
3.437500e-01
3.437500e-01
3.437500e-01
3.437500e-01
3.437500e-01
3.437500e-01
4.062500e-01
4.062500e-01
4.062500e-01
4.062500e-01
4.062500e-01
4.062500e-01
4.062500e-01
4.062500e-01
4.062500e-01
4.062500e-01
4.062500e-01
4.062500e-01
4.062500e-01
4.062500e-01
4.062500e-01
4.062500e-01
4.062500e-01
4.062500e-01
4.062500e-01
4.062500e-01
4.062500e-01
4.062500e-01
4.062500e-01
4.062500e-01
4.062500e-01
4.062500e-01
4.062500e-01
4.062500e-01
4.062500e-01
4.062500e-01
4.687500e-01
4.687500e-01
4.687500e-01
4.687500e-01
4.687500e-01
4.687500e-01
4.687500e-01
4.687500e-01
4.687500e-01
4.687500e-01
4.687500e-01
4.687500e-01
4.687500e-01
4.687500e-01
4.687500e-01
4.687500e-01
4.687500e-01
4.687500e-01
4.687500e-01
4.687500e-01
4.687500e-01
4.687500e-01
4.687500e-01
4.687500e-01
4.687500e-01
4.687500e-01
4.687500e-01
4.687500e-01
5.312500e-01
5.312500e-01
5.312500e-01
5.312500e-01
5.312500e-01
5.312500e-01
5.312500e-01
5.312500e-01
5.312500e-01
5.312500e-01
5.312500e-01
5.312500e-01
5.312500e-01
5.312500e-01
5.312500e-01
5.312500e-01
5.312500e-01
5.312500e-01
5.312500e-01
5.312500e-01
5.312500e-01
5.312500e-01
5.312500e-01
5.312500e-01
5.312500e-01
5.312500e-01
5.312500e-01
5.312500e-01
5.937500e-01
5.937500e-01
5.937500e-01
5.937500e-01
5.937500e-01
5.937500e-01
5.937500e-01
5.937500e-01
5.937500e-01
5.937500e-01
5.937500e-01
5.937500e-01
5.937500e-01
5.937500e-01
5.937500e-01
5.937500e-01
5.937500e-01
5.937500e-01
5.937500e-01
5.937500e-01
5.937500e-01
5.937500e-01
5.937500e-01
5.937500e-01
5.937500e-01
5.937500e-01
6.562500e-01
6.562500e-01
6.562500e-01
6.562500e-01
6.562500e-01
6.562500e-01
6.562500e-01
6.562500e-01
6.562500e-01
6.562500e-01
6.562500e-01
6.562500e-01
6.562500e-01
6.562500e-01
6.562500e-01
6.562500e-01
6.562500e-01
6.562500e-01
6.562500e-01
6.562500e-01
6.562500e-01
6.562500e-01
6.562500e-01
6.562500e-01
7.187500e-01
7.187500e-01
7.187500e-01
7.187500e-01
7.187500e-01
7.187500e-01
7.187500e-01
7.187500e-01
7.187500e-01
7.187500e-01
7.187500e-01
7.187500e-01
7.187500e-01
7.187500e-01
7.187500e-01
7.187500e-01
7.187500e-01
7.187500e-01
7.187500e-01
7.187500e-01
7.187500e-01
7.187500e-01
7.812500e-01
7.812500e-01
7.812500e-01
7.812500e-01
7.812500e-01
7.812500e-01
7.812500e-01
7.812500e-01
7.812500e-01
7.812500e-01
7.812500e-01
7.812500e-01
7.812500e-01
7.812500e-01
7.812500e-01
7.812500e-01
7.812500e-01
7.812500e-01
7.812500e-01
7.812500e-01
8.437500e-01
8.437500e-01
8.437500e-01
8.437500e-01
8.437500e-01
8.437500e-01
8.437500e-01
8.437500e-01
8.437500e-01
8.437500e-01
8.437500e-01
8.437500e-01
8.437500e-01
8.437500e-01
8.437500e-01
8.437500e-01
8.437500e-01
8.437500e-01
9.062500e-01
9.062500e-01
9.062500e-01
9.062500e-01
9.062500e-01
9.062500e-01
9.062500e-01
9.062500e-01
9.062500e-01
9.062500e-01
9.062500e-01
9.062500e-01
9.062500e-01
9.062500e-01
9.687500e-01
9.687500e-01
9.687500e-01
9.687500e-01
9.687500e-01
9.687500e-01
9.687500e-01
9.687500e-01
